[IP_SET]
ipAddr=192.168.1.168
_port=5150
link_mode=1
plane_type=0
language=1
single_many=0
init_lon=69.9609375
init_lat=30.4486736792875
ipAddr_udp=192.168.1.178
_port_udp=6666
